lat=-23.0071888
lng=-47.5114886